0(1).jpg 0
0(1).png 0
0(10).jpg 0
0(100).jpg 0
0(101).jpg 0
0(102).jpg 0
0(103).jpg 0
0(104).jpg 0
0(105).jpg 0
0(106).jpg 0
0(107).jpg 0
0(108).jpg 0
0(109).jpg 0
0(11).jpg 0
0(110).jpg 0
0(111).jpg 0
0(113).jpg 0
0(114).jpg 0
0(115).jpg 0
0(116).jpg 0
0(117).jpg 0
0(118).jpg 0
0(119).jpg 0
0(12).jpg 0
0(120).jpg 0
0(121).jpg 0
0(122).jpg 0
0(123).jpg 0
0(124).jpg 0
0(125).jpg 0
0(126).jpg 0
0(127).jpg 0
0(128).jpg 0
0(129).jpg 0
0(13).jpg 0
0(130).jpg 0
0(131).jpg 0
0(132).jpg 0
0(133).jpg 0
0(134).jpg 0
0(135).jpg 0
0(136).jpg 0
0(137).jpg 0
0(138).jpg 0
0(139).jpg 0
0(14).jpg 0
0(140).jpg 0
0(141).jpg 0
0(142).jpg 0
0(143).jpg 0
0(144).jpg 0
0(145).jpg 0
0(146).jpg 0
0(147).jpg 0
0(148).jpg 0
0(149).jpg 0
0(15).jpg 0
0(150).jpg 0
0(151).jpg 0
0(152).jpg 0
0(153).jpg 0
0(154).JPG 0
0(155).jpg 0
0(156).jpg 0
0(157).jpg 0
0(158).jpg 0
0(159).jpg 0
0(16).jpg 0
0(160).jpg 0
0(161).jpg 0
0(162).jpg 0
0(163).jpg 0
0(164).jpg 0
0(165).jpg 0
0(166).jpg 0
0(167).jpg 0
0(168).jpg 0
0(169).jpg 0
0(17).jpg 0
0(170).jpg 0
0(171).jpg 0
0(172).jpg 0
0(173).jpg 0
0(174).jpg 0
0(175).jpg 0
0(176).jpg 0
0(177).jpg 0
0(178).jpg 0
0(179).jpg 0
0(18).jpg 0
0(180).jpg 0
0(181).jpg 0
0(182).jpg 0
0(183).jpg 0
0(184).jpg 0
0(185).JPG 0
0(186).jpg 0
0(187).jpg 0
0(188).jpg 0
0(189).jpg 0
0(19).jpg 0
0(190).jpg 0
0(191).jpg 0
0(192).jpg 0
0(193).jpg 0
0(194).jpg 0
0(195).jpg 0
0(196).jpg 0
0(197).jpg 0
0(198).jpg 0
0(199).jpg 0
0(2).jpeg 0
0(2).jpg 0
0(2).png 0
0(20).jpg 0
0(200).jpg 0
0(201).jpg 0
0(202).jpg 0
0(203).jpg 0
0(204).jpg 0
0(205).jpg 0
0(206).jpg 0
0(207).jpg 0
0(208).jpg 0
0(209).jpg 0
0(21).jpg 0
0(210).jpg 0
0(211).jpg 0
0(212).jpg 0
0(213).jpg 0
0(214).jpg 0
0(215).jpg 0
0(216).jpg 0
0(217).jpg 0
0(218).jpg 0
0(219).jpg 0
0(22).jpg 0
0(220).jpg 0
0(221).jpg 0
0(222).jpg 0
0(223).jpg 0
0(224).jpg 0
0(225).jpg 0
0(226).jpg 0
0(227).jpg 0
0(228).jpg 0
0(229).jpg 0
0(23).jpg 0
0(230).jpg 0
0(231).jpg 0
0(232).jpg 0
0(233).jpg 0
0(234).jpg 0
0(235).jpg 0
0(236).jpg 0
0(237).jpg 0
0(238).jpg 0
0(239).jpg 0
0(24).jpg 0
0(240).jpg 0
0(241).jpg 0
0(242).jpg 0
0(243).jpg 0
0(244).jpg 0
0(245).jpg 0
0(246).jpg 0
0(247).jpg 0
0(248).jpg 0
0(249).jpg 0
0(25).jpg 0
0(250).jpg 0
0(251).jpg 0
0(252).jpg 0
0(253).jpg 0
0(254).jpg 0
0(255).jpg 0
0(256).jpg 0
0(257).jpg 0
0(258).jpg 0
0(259).jpg 0
0(26).jpg 0
0(260).jpg 0
0(261).jpg 0
0(262).jpg 0
0(263).jpg 0
0(264).jpg 0
0(265).jpg 0
0(266).jpg 0
0(267).jpg 0
0(268).jpg 0
0(269).jpg 0
0(27).jpg 0
0(270).jpg 0
0(271).jpg 0
0(272).jpg 0
0(273).jpg 0
0(274).jpg 0
0(275).jpg 0
0(276).jpg 0
0(277).jpg 0
0(278).jpg 0
0(279).jpg 0
0(28).jpg 0
0(280).jpg 0
0(281).jpg 0
0(282).jpg 0
0(283).jpg 0
0(284).jpg 0
0(285).jpg 0
0(286).jpg 0
0(287).jpg 0
0(288).jpg 0
0(289).jpg 0
0(29).jpg 0
0(290).jpg 0
0(291).JPG 0
0(292).jpg 0
0(293).jpg 0
0(294).jpg 0
0(295).jpg 0
0(296).jpg 0
0(297).jpg 0
0(298).jpg 0
0(299).jpg 0
0(3).jpeg 0
0(3).jpg 0
0(3).png 0
0(30).jpg 0
0(300).jpg 0
0(301).jpg 0
0(302).jpg 0
0(303).jpg 0
0(304).jpg 0
0(305).jpg 0
0(306).jpg 0
0(307).jpg 0
0(308).jpg 0
0(309).jpg 0
0(31).jpg 0
0(310).jpg 0
0(311).jpg 0
0(312).jpg 0
0(313).jpg 0
0(314).jpg 0
0(315).jpg 0
0(316).jpg 0
0(317).jpg 0
0(318).jpg 0
0(319).jpg 0
0(32).jpg 0
0(320).jpg 0
0(321).jpg 0
0(322).jpg 0
0(323).jpg 0
0(324).jpg 0
0(325).jpg 0
0(326).jpg 0
0(327).jpg 0
0(328).jpg 0
0(329).jpg 0
0(33).jpg 0
0(330).jpg 0
0(331).jpg 0
0(332).jpg 0
0(333).jpg 0
0(334).jpg 0
0(335).jpg 0
0(336).jpg 0
0(337).jpg 0
0(338).jpg 0
0(339).jpg 0
0(34).jpg 0
0(340).jpg 0
0(341).jpg 0
0(342).jpg 0
0(343).jpg 0
0(344).jpg 0
0(345).jpg 0
0(346).jpg 0
0(347).jpg 0
0(348).jpg 0
0(349).jpg 0
0(35).jpg 0
0(350).jpg 0
0(351).jpg 0
0(352).jpg 0
0(353).jpg 0
0(354).jpg 0
0(355).jpg 0
0(356).jpg 0
0(357).jpg 0
0(358).jpg 0
0(359).jpg 0
0(36).jpg 0
0(360).jpg 0
0(361).jpg 0
0(362).jpg 0
0(363).jpg 0
0(364).JPG 0
0(365).jpg 0
0(366).jpg 0
0(367).jpg 0
0(368).jpg 0
0(369).jpg 0
0(37).jpg 0
0(370).jpg 0
0(371).jpg 0
0(372).jpg 0
0(373).jpg 0
0(374).jpg 0
0(375).jpg 0
0(376).jpg 0
0(377).jpg 0
0(378).jpg 0
0(379).jpg 0
0(38).jpg 0
0(380).jpg 0
0(381).jpg 0
0(382).jpg 0
0(383).jpg 0
0(384).jpg 0
0(385).jpg 0
0(386).jpg 0
0(387).jpg 0
0(388).jpg 0
0(389).jpg 0
0(39).jpg 0
0(390).jpg 0
0(391).jpg 0
0(392).jpg 0
0(393).jpg 0
0(394).jpg 0
0(395).jpg 0
0(396).jpg 0
0(397).jpg 0
0(398).jpg 0
0(399).jpg 0
0(4).jpeg 0
0(4).jpg 0
0(4).png 0
0(40).jpg 0
0(400).jpg 0
0(401).jpg 0
0(402).jpg 0
0(403).jpg 0
0(404).jpg 0
0(405).jpg 0
0(406).jpg 0
0(407).jpg 0
0(408).jpg 0
0(409).jpg 0
0(41).jpg 0
0(410).JPG 0
0(411).jpg 0
0(412).jpg 0
0(413).jpg 0
0(414).jpg 0
0(415).jpg 0
0(416).jpg 0
0(417).jpg 0
0(418).jpg 0
0(419).jpg 0
0(42).jpg 0
0(420).jpg 0
0(421).jpg 0
0(422).jpg 0
0(423).jpg 0
0(424).jpg 0
0(425).JPG 0
0(426).jpg 0
0(427).jpg 0
0(428).jpg 0
0(429).jpg 0
0(43).jpg 0
0(430).jpg 0
0(431).jpg 0
0(432).jpg 0
0(433).jpg 0
0(434).jpg 0
0(435).jpg 0
0(436).jpg 0
0(437).jpg 0
0(438).jpg 0
0(439).jpg 0
0(44).jpg 0
0(440).jpg 0
0(441).jpg 0
0(442).jpg 0
0(443).jpg 0
0(444).jpg 0
0(445).jpg 0
0(446).jpg 0
0(447).jpg 0
0(448).jpg 0
0(449).jpg 0
0(45).jpg 0
0(450).jpg 0
0(451).jpg 0
0(452).jpg 0
0(453).jpg 0
0(454).jpg 0
0(455).jpg 0
0(456).jpg 0
0(457).jpg 0
0(458).jpg 0
0(459).jpg 0
0(46).jpg 0
0(460).jpg 0
0(461).jpg 0
0(462).jpg 0
0(463).jpg 0
0(464).jpg 0
0(465).jpg 0
0(466).jpg 0
0(467).jpg 0
0(468).jpg 0
0(469).jpg 0
0(47).jpg 0
0(470).jpg 0
0(471).jpg 0
0(472).jpg 0
0(473).jpg 0
0(474).jpg 0
0(475).jpg 0
0(476).jpg 0
0(477).jpg 0
0(478).jpg 0
0(479).jpg 0
0(48).jpg 0
0(480).jpg 0
0(481).jpg 0
0(482).jpg 0
0(483).jpg 0
0(484).JPG 0
0(485).jpg 0
0(486).jpg 0
0(487).jpg 0
0(488).jpg 0
0(489).jpg 0
0(49).jpg 0
0(490).jpg 0
0(492).jpg 0
0(5).jpeg 0
0(5).jpg 0
0(50).jpg 0
0(51).jpg 0
0(52).jpg 0
0(521).jpg 0
0(53).jpg 0
0(54).jpg 0
0(55).jpg 0
0(56).jpg 0
0(57).jpg 0
0(58).jpg 0
0(59).jpg 0
0(6).jpeg 0
0(6).jpg 0
0(60).jpg 0
0(61).jpg 0
0(62).jpg 0
0(63).jpg 0
0(64).jpg 0
0(65).jpg 0
0(66).jpg 0
0(68).jpg 0
0(69).jpg 0
0(7).jpeg 0
0(7).jpg 0
0(70).jpg 0
0(71).jpg 0
0(72).jpg 0
0(73).jpg 0
0(74).jpg 0
0(75).jpg 0
0(76).jpg 0
0(77).jpg 0
0(78).jpg 0
0(79).jpg 0
0(8).jpg 0
0(80).jpg 0
0(81).jpg 0
0(82).jpg 0
0(83).jpg 0
0(84).jpg 0
0(85).jpg 0
0(86).jpg 0
0(87).jpg 0
0(88).jpg 0
0(89).jpg 0
0(9).jpg 0
0(91).jpg 0
0(92).jpg 0
0(93).jpg 0
0(94).jpg 0
0(95).jpg 0
0(96).jpg 0
0(97).jpg 0
0(98).jpg 0
0(99).jpg 0
1(1).jpg 1
1(10).jpg 1
1(100).jpg 1
1(101).jpg 1
1(102).jpg 1
1(103).jpg 1
1(104).jpg 1
1(105).jpg 1
1(106).jpg 1
1(107).jpg 1
1(108).jpg 1
1(109).jpg 1
1(11).jpg 1
1(110).jpg 1
1(111).jpg 1
1(112).jpg 1
1(113).jpg 1
1(114).jpg 1
1(115).jpg 1
1(116).jpg 1
1(117).jpg 1
1(118).jpg 1
1(119).jpg 1
1(12).jpg 1
1(120).jpg 1
1(121).jpg 1
1(122).jpg 1
1(123).jpg 1
1(124).jpg 1
1(125).jpg 1
1(126).jpg 1
1(127).jpg 1
1(128).jpg 1
1(129).jpg 1
1(13).jpg 1
1(130).jpg 1
1(131).jpg 1
1(132).jpg 1
1(133).jpg 1
1(134).jpg 1
1(135).jpg 1
1(136).jpg 1
1(137).jpg 1
1(138).jpg 1
1(139).jpg 1
1(14).jpg 1
1(140).jpg 1
1(141).jpg 1
1(142).jpg 1
1(143).jpg 1
1(144).jpg 1
1(145).jpg 1
1(146).jpg 1
1(147).jpg 1
1(148).jpg 1
1(149).jpg 1
1(15).jpg 1
1(150).jpg 1
1(151).jpg 1
1(152).jpg 1
1(153).jpg 1
1(154).jpg 1
1(155).jpg 1
1(156).jpg 1
1(157).jpg 1
1(158).jpg 1
1(159).jpg 1
1(16).jpg 1
1(160).jpg 1
1(161).jpg 1
1(162).jpg 1
1(163).jpg 1
1(164).jpg 1
1(165).jpg 1
1(166).jpg 1
1(167).jpg 1
1(168).jpg 1
1(169).jpg 1
1(17).jpg 1
1(170).jpg 1
1(171).jpg 1
1(172).jpg 1
1(173).jpg 1
1(174).jpg 1
1(175).jpg 1
1(176).jpg 1
1(177).jpg 1
1(178).jpg 1
1(179).jpg 1
1(18).jpg 1
1(180).jpg 1
1(181).jpg 1
1(182).jpg 1
1(183).jpg 1
1(184).jpg 1
1(185).jpg 1
1(186).jpg 1
1(187).jpg 1
1(188).jpg 1
1(189).jpg 1
1(19).jpg 1
1(190).jpg 1
1(191).jpg 1
1(192).jpg 1
1(193).jpg 1
1(194).jpg 1
1(195).jpg 1
1(196).jpg 1
1(197).jpg 1
1(198).jpg 1
1(199).jpg 1
1(2).jpg 1
1(20).jpg 1
1(200).jpg 1
1(201).jpg 1
1(202).jpg 1
1(203).jpg 1
1(204).jpg 1
1(205).jpg 1
1(206).jpg 1
1(207).jpg 1
1(208).jpg 1
1(209).jpg 1
1(21).jpg 1
1(210).jpg 1
1(211).jpg 1
1(212).jpg 1
1(213).jpg 1
1(214).jpg 1
1(215).jpg 1
1(216).jpg 1
1(217).jpg 1
1(218).jpg 1
1(219).jpg 1
1(22).jpg 1
1(220).jpg 1
1(221).jpg 1
1(222).jpg 1
1(223).jpg 1
1(224).jpg 1
1(225).jpg 1
1(226).jpg 1
1(227).jpg 1
1(228).jpg 1
1(229).jpg 1
1(23).jpg 1
1(230).jpg 1
1(231).jpg 1
1(232).jpg 1
1(233).jpg 1
1(234).jpg 1
1(235).jpg 1
1(236).jpg 1
1(237).jpg 1
1(238).jpg 1
1(239).jpg 1
1(24).jpg 1
1(240).jpg 1
1(241).jpg 1
1(242).jpg 1
1(243).jpg 1
1(244).jpg 1
1(245).jpg 1
1(246).jpg 1
1(247).jpg 1
1(248).jpg 1
1(249).jpg 1
1(25).jpg 1
1(250).jpg 1
1(251).jpg 1
1(252).jpg 1
1(253).jpg 1
1(254).jpg 1
1(255).jpg 1
1(256).jpg 1
1(257).jpg 1
1(258).jpg 1
1(259).jpg 1
1(26).jpg 1
1(260).jpg 1
1(261).jpg 1
1(262).jpg 1
1(263).jpg 1
1(264).jpg 1
1(265).jpg 1
1(266).jpg 1
1(267).jpg 1
1(268).jpg 1
1(269).jpg 1
1(27).jpg 1
1(270).jpg 1
1(271).jpg 1
1(272).jpg 1
1(273).jpg 1
1(274).jpg 1
1(275).jpg 1
1(276).jpg 1
1(277).jpg 1
1(278).jpg 1
1(279).jpg 1
1(28).jpg 1
1(280).jpg 1
1(281).jpg 1
1(282).jpg 1
1(283).jpg 1
1(284).jpg 1
1(285).jpg 1
1(286).jpg 1
1(287).jpg 1
1(288).jpg 1
1(289).jpg 1
1(29).jpg 1
1(290).jpg 1
1(291).jpg 1
1(292).jpg 1
1(293).jpg 1
1(294).jpg 1
1(295).jpg 1
1(296).jpg 1
1(297).jpg 1
1(298).jpg 1
1(299).jpg 1
1(3).jpg 1
1(30).jpg 1
1(300).jpg 1
1(301).jpg 1
1(302).jpg 1
1(303).jpg 1
1(304).jpg 1
1(305).jpg 1
1(306).jpg 1
1(307).jpg 1
1(308).jpg 1
1(309).jpg 1
1(31).jpg 1
1(310).jpg 1
1(311).jpg 1
1(312).jpg 1
1(313).jpg 1
1(314).jpg 1
1(315).jpg 1
1(316).jpg 1
1(317).jpg 1
1(318).jpg 1
1(319).jpg 1
1(32).jpg 1
1(320).jpg 1
1(321).jpg 1
1(322).jpg 1
1(323).jpg 1
1(324).jpg 1
1(325).jpg 1
1(326).jpg 1
1(327).jpg 1
1(328).jpg 1
1(329).jpg 1
1(33).jpg 1
1(330).jpg 1
1(331).jpg 1
1(332).jpg 1
1(333).jpg 1
1(334).jpg 1
1(335).jpg 1
1(336).jpg 1
1(337).jpg 1
1(338).jpg 1
1(339).jpg 1
1(34).jpg 1
1(340).jpg 1
1(341).jpg 1
1(342).jpg 1
1(343).jpg 1
1(344).jpg 1
1(345).jpg 1
1(346).jpg 1
1(347).jpg 1
1(348).jpg 1
1(349).jpg 1
1(35).jpg 1
1(350).jpg 1
1(351).jpg 1
1(352).jpg 1
1(353).jpg 1
1(354).jpg 1
1(355).jpg 1
1(356).jpg 1
1(357).jpg 1
1(358).jpg 1
1(359).jpg 1
1(36).jpg 1
1(360).jpg 1
1(361).jpg 1
1(362).jpg 1
1(363).jpg 1
1(364).jpg 1
1(365).jpg 1
1(366).jpg 1
1(367).jpg 1
1(368).jpg 1
1(369).jpg 1
1(37).jpg 1
1(370).jpg 1
1(371).jpg 1
1(372).jpg 1
1(373).jpg 1
1(374).jpg 1
1(375).jpg 1
1(376).jpg 1
1(377).jpg 1
1(378).jpg 1
1(379).jpg 1
1(38).jpg 1
1(380).jpg 1
1(381).jpg 1
1(382).jpg 1
1(383).jpg 1
1(384).jpg 1
1(385).jpg 1
1(386).jpg 1
1(387).jpg 1
1(388).jpg 1
1(389).jpg 1
1(39).jpg 1
1(390).jpg 1
1(391).jpg 1
1(392).jpg 1
1(393).jpg 1
1(394).jpg 1
1(395).jpg 1
1(396).jpg 1
1(397).jpg 1
1(398).jpg 1
1(399).jpg 1
1(4).jpg 1
1(40).jpg 1
1(400).jpg 1
1(401).jpg 1
1(402).jpg 1
1(403).jpg 1
1(404).jpg 1
1(405).jpg 1
1(406).jpg 1
1(407).jpg 1
1(408).jpg 1
1(409).jpg 1
1(41).jpg 1
1(410).jpg 1
1(411).jpg 1
1(412).jpg 1
1(413).jpg 1
1(414).jpg 1
1(415).jpg 1
1(416).jpg 1
1(417).jpg 1
1(418).jpg 1
1(419).jpg 1
1(42).jpg 1
1(420).jpg 1
1(421).jpg 1
1(422).jpg 1
1(423).jpg 1
1(424).jpg 1
1(425).jpg 1
1(426).jpg 1
1(427).jpg 1
1(428).jpg 1
1(429).jpg 1
1(43).jpg 1
1(430).jpg 1
1(431).jpg 1
1(432).jpg 1
1(433).jpg 1
1(434).jpg 1
1(435).jpg 1
1(436).jpg 1
1(437).jpg 1
1(438).jpg 1
1(439).jpg 1
1(44).jpg 1
1(440).jpg 1
1(441).jpg 1
1(442).jpg 1
1(443).jpg 1
1(444).jpg 1
1(445).jpg 1
1(446).jpg 1
1(447).jpg 1
1(448).jpg 1
1(449).jpg 1
1(45).jpg 1
1(450).jpg 1
1(451).jpg 1
1(452).jpg 1
1(453).jpg 1
1(454).jpg 1
1(455).jpg 1
1(456).jpg 1
1(457).jpg 1
1(458).jpg 1
1(459).jpg 1
1(46).jpg 1
1(460).jpg 1
1(461).jpg 1
1(462).jpg 1
1(463).jpg 1
1(464).jpg 1
1(465).jpg 1
1(466).jpg 1
1(467).jpg 1
1(468).jpg 1
1(469).jpg 1
1(47).jpg 1
1(470).jpg 1
1(471).jpg 1
1(472).jpg 1
1(473).jpg 1
1(474).jpg 1
1(475).jpg 1
1(476).jpg 1
1(477).jpg 1
1(478).jpg 1
1(479).jpg 1
1(48).jpg 1
1(480).jpg 1
1(481).jpg 1
1(482).jpg 1
1(483).jpg 1
1(484).jpg 1
1(485).jpg 1
1(486).jpg 1
1(487).jpg 1
1(488).jpg 1
1(489).jpg 1
1(49).jpg 1
1(490).jpg 1
1(491).jpg 1
1(492).jpg 1
1(493).jpg 1
1(494).jpg 1
1(495).jpg 1
1(496).jpg 1
1(497).jpg 1
1(498).jpg 1
1(499).jpg 1
1(5).jpg 1
1(50).jpg 1
1(500).jpg 1
1(51).jpg 1
1(52).jpg 1
1(53).jpg 1
1(54).jpg 1
1(55).jpg 1
1(56).jpg 1
1(57).jpg 1
1(58).jpg 1
1(59).jpg 1
1(6).jpg 1
1(60).jpg 1
1(61).jpg 1
1(62).jpg 1
1(63).jpg 1
1(64).jpg 1
1(65).jpg 1
1(66).jpg 1
1(67).jpg 1
1(68).jpg 1
1(69).jpg 1
1(7).jpg 1
1(70).jpg 1
1(71).jpg 1
1(72).jpg 1
1(73).jpg 1
1(74).jpg 1
1(75).jpg 1
1(76).jpg 1
1(77).jpg 1
1(78).jpg 1
1(79).jpg 1
1(8).jpg 1
1(80).jpg 1
1(81).jpg 1
1(82).jpg 1
1(83).jpg 1
1(84).jpg 1
1(85).jpg 1
1(86).jpg 1
1(87).jpg 1
1(88).jpg 1
1(89).jpg 1
1(9).jpg 1
1(90).jpg 1
1(91).jpg 1
1(92).jpg 1
1(93).jpg 1
1(94).jpg 1
1(95).jpg 1
1(96).jpg 1
1(97).jpg 1
1(98).jpg 1
1(99).jpg 1
2(1).jpg 2
2(10).jpg 2
2(100).jpg 2
2(101).jpg 2
2(102).jpg 2
2(103).jpg 2
2(104).jpg 2
2(105).jpg 2
2(106).jpg 2
2(107).jpg 2
2(108).jpg 2
2(109).jpg 2
2(11).jpg 2
2(110).jpg 2
2(111).jpg 2
2(112).jpg 2
2(113).jpg 2
2(114).jpg 2
2(115).jpg 2
2(116).jpg 2
2(117).jpg 2
2(118).jpg 2
2(119).jpg 2
2(12).jpg 2
2(120).jpg 2
2(121).jpg 2
2(122).jpg 2
2(123).jpg 2
2(124).jpg 2
2(125).jpg 2
2(126).jpg 2
2(127).jpg 2
2(128).jpg 2
2(129).jpg 2
2(13).jpg 2
2(130).jpg 2
2(131).jpg 2
2(132).jpg 2
2(133).jpg 2
2(134).jpg 2
2(135).jpg 2
2(136).jpg 2
2(137).jpg 2
2(138).jpg 2
2(139).jpg 2
2(14).jpg 2
2(140).jpg 2
2(141).jpg 2
2(142).jpg 2
2(143).jpg 2
2(144).jpg 2
2(145).jpg 2
2(146).jpg 2
2(147).jpg 2
2(148).jpg 2
2(149).jpg 2
2(15).jpg 2
2(150).jpg 2
2(151).jpg 2
2(152).jpg 2
2(153).jpg 2
2(154).jpg 2
2(155).jpg 2
2(156).jpg 2
2(157).jpg 2
2(158).jpg 2
2(159).jpg 2
2(16).jpg 2
2(160).jpg 2
2(161).jpg 2
2(162).jpg 2
2(163).jpg 2
2(164).jpg 2
2(165).jpg 2
2(166).jpg 2
2(167).jpg 2
2(168).jpg 2
2(169).jpg 2
2(17).jpg 2
2(170).jpg 2
2(171).jpg 2
2(172).jpg 2
2(173).jpg 2
2(174).jpg 2
2(175).jpg 2
2(176).jpg 2
2(177).jpg 2
2(178).jpg 2
2(179).jpg 2
2(18).jpg 2
2(180).jpg 2
2(181).jpg 2
2(182).jpg 2
2(183).jpg 2
2(184).jpg 2
2(185).jpg 2
2(186).jpg 2
2(187).jpg 2
2(188).jpg 2
2(189).jpg 2
2(19).jpg 2
2(190).jpg 2
2(191).jpg 2
2(192).jpg 2
2(193).jpg 2
2(194).jpg 2
2(195).jpg 2
2(196).jpg 2
2(197).jpg 2
2(198).jpg 2
2(199).jpg 2
2(2).jpg 2
2(20).jpg 2
2(200).jpg 2
2(201).jpg 2
2(202).jpg 2
2(203).jpg 2
2(204).jpg 2
2(205).jpg 2
2(206).jpg 2
2(207).jpg 2
2(208).jpg 2
2(209).jpg 2
2(21).jpg 2
2(210).jpg 2
2(211).jpg 2
2(212).jpg 2
2(213).jpg 2
2(214).jpg 2
2(215).jpg 2
2(216).jpg 2
2(217).jpg 2
2(218).jpg 2
2(219).jpg 2
2(22).jpg 2
2(220).jpg 2
2(221).jpg 2
2(222).jpg 2
2(223).jpg 2
2(224).jpg 2
2(225).jpg 2
2(226).jpg 2
2(227).jpg 2
2(228).jpg 2
2(229).jpg 2
2(23).jpg 2
2(230).jpg 2
2(231).jpg 2
2(232).jpg 2
2(233).jpg 2
2(234).jpg 2
2(235).jpg 2
2(236).jpg 2
2(237).jpg 2
2(238).jpg 2
2(239).jpg 2
2(24).jpg 2
2(240).jpg 2
2(241).jpg 2
2(242).jpg 2
2(243).jpg 2
2(244).jpg 2
2(245).jpg 2
2(246).jpg 2
2(247).jpg 2
2(248).jpg 2
2(249).jpg 2
2(25).jpg 2
2(250).jpg 2
2(251).jpg 2
2(252).jpg 2
2(253).jpg 2
2(254).jpg 2
2(255).jpg 2
2(256).jpg 2
2(257).jpg 2
2(258).jpg 2
2(259).jpg 2
2(26).jpg 2
2(260).jpg 2
2(261).jpg 2
2(262).jpg 2
2(263).jpg 2
2(264).jpg 2
2(265).jpg 2
2(266).jpg 2
2(267).jpg 2
2(268).jpg 2
2(269).jpg 2
2(27).jpg 2
2(270).jpg 2
2(271).jpg 2
2(272).jpg 2
2(273).jpg 2
2(274).jpg 2
2(275).jpg 2
2(276).jpg 2
2(277).jpg 2
2(278).jpg 2
2(279).jpg 2
2(28).jpg 2
2(280).jpg 2
2(281).jpg 2
2(282).jpg 2
2(283).jpg 2
2(284).jpg 2
2(285).jpg 2
2(286).jpg 2
2(287).jpg 2
2(288).jpg 2
2(289).jpg 2
2(29).jpg 2
2(290).jpg 2
2(291).jpg 2
2(292).jpg 2
2(293).jpg 2
2(294).jpg 2
2(295).jpg 2
2(296).jpg 2
2(297).jpg 2
2(298).jpg 2
2(299).jpg 2
2(3).jpg 2
2(30).jpg 2
2(300).jpg 2
2(301).jpg 2
2(302).jpg 2
2(303).jpg 2
2(304).jpg 2
2(305).jpg 2
2(306).jpg 2
2(307).jpg 2
2(308).jpg 2
2(309).jpg 2
2(31).jpg 2
2(310).jpg 2
2(311).jpg 2
2(312).jpg 2
2(313).jpg 2
2(314).jpg 2
2(315).jpg 2
2(316).jpg 2
2(317).jpg 2
2(318).jpg 2
2(319).jpg 2
2(32).jpg 2
2(320).jpg 2
2(321).jpg 2
2(322).jpg 2
2(323).jpg 2
2(324).jpg 2
2(325).jpg 2
2(326).jpg 2
2(327).jpg 2
2(328).jpg 2
2(329).jpg 2
2(33).jpg 2
2(330).jpg 2
2(331).jpg 2
2(332).jpg 2
2(333).jpg 2
2(334).jpg 2
2(335).jpg 2
2(336).jpg 2
2(337).jpg 2
2(338).jpg 2
2(339).jpg 2
2(34).jpg 2
2(340).jpg 2
2(341).jpg 2
2(342).jpg 2
2(343).jpg 2
2(344).jpg 2
2(345).jpg 2
2(346).jpg 2
2(347).jpg 2
2(348).jpg 2
2(349).jpg 2
2(35).jpg 2
2(350).jpg 2
2(351).jpg 2
2(352).jpg 2
2(353).jpg 2
2(354).jpg 2
2(355).jpg 2
2(356).jpg 2
2(357).jpg 2
2(358).jpg 2
2(359).jpg 2
2(36).jpg 2
2(360).jpg 2
2(361).jpg 2
2(362).jpg 2
2(363).jpg 2
2(364).jpg 2
2(365).jpg 2
2(366).jpg 2
2(367).jpg 2
2(368).jpg 2
2(369).jpg 2
2(37).jpg 2
2(370).jpg 2
2(371).jpg 2
2(372).jpg 2
2(373).jpg 2
2(374).jpg 2
2(375).jpg 2
2(376).jpg 2
2(377).jpg 2
2(378).jpg 2
2(379).jpg 2
2(38).jpg 2
2(380).jpg 2
2(381).jpg 2
2(382).jpg 2
2(383).jpg 2
2(384).jpg 2
2(385).jpg 2
2(386).jpg 2
2(387).jpg 2
2(388).jpg 2
2(389).jpg 2
2(39).jpg 2
2(390).jpg 2
2(391).jpg 2
2(392).jpg 2
2(393).jpg 2
2(394).jpg 2
2(395).jpg 2
2(396).jpg 2
2(397).jpg 2
2(398).jpg 2
2(399).jpg 2
2(4).jpg 2
2(40).jpg 2
2(400).jpg 2
2(401).jpg 2
2(402).jpg 2
2(403).jpg 2
2(404).jpg 2
2(405).jpg 2
2(406).jpg 2
2(407).jpg 2
2(408).jpg 2
2(409).jpg 2
2(41).jpg 2
2(410).jpg 2
2(411).jpg 2
2(412).jpg 2
2(413).jpg 2
2(414).jpg 2
2(415).jpg 2
2(416).jpg 2
2(417).jpg 2
2(418).jpg 2
2(419).jpg 2
2(42).jpg 2
2(420).jpg 2
2(421).jpg 2
2(422).jpg 2
2(423).jpg 2
2(424).jpg 2
2(425).jpg 2
2(426).jpg 2
2(427).jpg 2
2(428).jpg 2
2(429).jpg 2
2(43).jpg 2
2(430).jpg 2
2(431).jpg 2
2(432).jpg 2
2(433).jpg 2
2(434).jpg 2
2(435).jpg 2
2(436).jpg 2
2(437).jpg 2
2(438).jpg 2
2(439).jpg 2
2(44).jpg 2
2(440).jpg 2
2(441).jpg 2
2(442).jpg 2
2(443).jpg 2
2(444).jpg 2
2(445).jpg 2
2(446).jpg 2
2(447).jpg 2
2(448).jpg 2
2(449).jpg 2
2(45).jpg 2
2(450).jpg 2
2(451).jpg 2
2(452).jpg 2
2(453).jpg 2
2(454).jpg 2
2(455).jpg 2
2(456).jpg 2
2(457).jpg 2
2(458).jpg 2
2(459).jpg 2
2(46).jpg 2
2(460).jpg 2
2(461).jpg 2
2(462).jpg 2
2(463).jpg 2
2(464).jpg 2
2(465).jpg 2
2(466).jpg 2
2(467).jpg 2
2(468).jpg 2
2(469).jpg 2
2(47).jpg 2
2(470).jpg 2
2(471).jpg 2
2(472).jpg 2
2(473).jpg 2
2(474).jpg 2
2(475).jpg 2
2(476).jpg 2
2(477).jpg 2
2(478).jpg 2
2(479).jpg 2
2(48).jpg 2
2(480).jpg 2
2(481).jpg 2
2(482).jpg 2
2(483).jpg 2
2(484).jpg 2
2(485).jpg 2
2(486).jpg 2
2(487).jpg 2
2(488).jpg 2
2(489).jpg 2
2(49).jpg 2
2(490).jpg 2
2(491).jpg 2
2(492).jpg 2
2(493).jpg 2
2(494).jpg 2
2(495).jpg 2
2(496).jpg 2
2(497).jpg 2
2(498).jpg 2
2(499).jpg 2
2(5).jpg 2
2(50).jpg 2
2(500).jpg 2
2(51).jpg 2
2(52).jpg 2
2(53).jpg 2
2(54).jpg 2
2(55).jpg 2
2(56).jpg 2
2(57).jpg 2
2(58).jpg 2
2(59).jpg 2
2(6).jpg 2
2(60).jpg 2
2(61).jpg 2
2(62).jpg 2
2(63).jpg 2
2(64).jpg 2
2(65).jpg 2
2(66).jpg 2
2(67).jpg 2
2(68).jpg 2
2(69).jpg 2
2(7).jpg 2
2(70).jpg 2
2(71).jpg 2
2(72).jpg 2
2(73).jpg 2
2(74).jpg 2
2(75).jpg 2
2(76).jpg 2
2(77).jpg 2
2(78).jpg 2
2(79).jpg 2
2(8).jpg 2
2(80).jpg 2
2(81).jpg 2
2(82).jpg 2
2(83).jpg 2
2(84).jpg 2
2(85).jpg 2
2(86).jpg 2
2(87).jpg 2
2(88).jpg 2
2(89).jpg 2
2(9).jpg 2
2(90).jpg 2
2(91).jpg 2
2(92).jpg 2
2(93).jpg 2
2(94).jpg 2
2(95).jpg 2
2(96).jpg 2
2(97).jpg 2
2(98).jpg 2
2(99).jpg 2
3(1).jpg 3
3(10).jpg 3
3(100).jpg 3
3(101).jpg 3
3(102).jpg 3
3(103).jpg 3
3(104).jpg 3
3(105).jpg 3
3(106).jpg 3
3(107).jpg 3
3(108).jpg 3
3(109).jpg 3
3(11).jpg 3
3(110).jpg 3
3(111).jpg 3
3(112).jpg 3
3(113).jpg 3
3(114).jpg 3
3(115).jpg 3
3(116).jpg 3
3(117).jpg 3
3(118).jpg 3
3(119).jpg 3
3(12).jpg 3
3(120).jpg 3
3(121).jpg 3
3(122).jpg 3
3(123).jpg 3
3(124).jpg 3
3(125).jpg 3
3(126).jpg 3
3(127).jpg 3
3(128).jpg 3
3(129).jpg 3
3(13).jpg 3
3(130).jpg 3
3(131).jpg 3
3(132).jpg 3
3(133).jpg 3
3(134).jpg 3
3(135).jpg 3
3(136).jpg 3
3(137).jpg 3
3(138).jpg 3
3(139).jpg 3
3(14).jpg 3
3(140).jpg 3
3(141).jpg 3
3(142).jpg 3
3(143).jpg 3
3(144).jpg 3
3(145).jpg 3
3(146).jpg 3
3(147).jpg 3
3(148).jpg 3
3(149).jpg 3
3(15).jpg 3
3(150).jpg 3
3(151).jpg 3
3(152).jpg 3
3(153).jpg 3
3(154).jpg 3
3(155).jpg 3
3(156).jpg 3
3(157).jpg 3
3(158).jpg 3
3(159).jpg 3
3(16).jpg 3
3(160).jpg 3
3(161).jpg 3
3(162).jpg 3
3(163).jpg 3
3(164).jpg 3
3(165).jpg 3
3(166).jpg 3
3(167).jpg 3
3(168).jpg 3
3(169).jpg 3
3(17).jpg 3
3(170).jpg 3
3(171).jpg 3
3(172).jpg 3
3(173).jpg 3
3(174).jpg 3
3(175).jpg 3
3(176).jpg 3
3(177).jpg 3
3(178).jpg 3
3(179).jpg 3
3(18).jpg 3
3(180).jpg 3
3(181).jpg 3
3(182).jpg 3
3(183).jpg 3
3(184).jpg 3
3(185).jpg 3
3(186).jpg 3
3(187).jpg 3
3(188).jpg 3
3(189).jpg 3
3(19).jpg 3
3(190).jpg 3
3(191).jpg 3
3(192).jpg 3
3(193).jpg 3
3(194).jpg 3
3(195).jpg 3
3(196).jpg 3
3(197).jpg 3
3(198).jpg 3
3(199).jpg 3
3(2).jpg 3
3(20).jpg 3
3(200).jpg 3
3(201).jpg 3
3(202).jpg 3
3(203).jpg 3
3(204).jpg 3
3(205).jpg 3
3(206).jpg 3
3(207).jpg 3
3(208).jpg 3
3(209).jpg 3
3(21).jpg 3
3(210).jpg 3
3(211).jpg 3
3(212).jpg 3
3(213).jpg 3
3(214).jpg 3
3(215).jpg 3
3(216).jpg 3
3(217).jpg 3
3(218).jpg 3
3(219).jpg 3
3(22).jpg 3
3(220).jpg 3
3(221).jpg 3
3(222).jpg 3
3(223).jpg 3
3(224).jpg 3
3(225).jpg 3
3(226).jpg 3
3(227).jpg 3
3(228).jpg 3
3(229).jpg 3
3(23).jpg 3
3(230).jpg 3
3(231).jpg 3
3(232).jpg 3
3(233).jpg 3
3(234).jpg 3
3(235).jpg 3
3(236).jpg 3
3(237).jpg 3
3(238).jpg 3
3(239).jpg 3
3(24).jpg 3
3(240).jpg 3
3(241).jpg 3
3(242).jpg 3
3(243).jpg 3
3(244).jpg 3
3(245).jpg 3
3(246).jpg 3
3(247).jpg 3
3(248).jpg 3
3(249).jpg 3
3(25).jpg 3
3(250).jpg 3
3(251).jpg 3
3(252).jpg 3
3(253).jpg 3
3(254).jpg 3
3(255).jpg 3
3(256).jpg 3
3(257).jpg 3
3(258).jpg 3
3(259).jpg 3
3(26).jpg 3
3(260).jpg 3
3(261).jpg 3
3(262).jpg 3
3(263).jpg 3
3(264).jpg 3
3(265).jpg 3
3(266).jpg 3
3(267).jpg 3
3(268).jpg 3
3(269).jpg 3
3(27).jpg 3
3(270).jpg 3
3(271).jpg 3
3(272).jpg 3
3(273).jpg 3
3(274).jpg 3
3(275).jpg 3
3(276).jpg 3
3(277).jpg 3
3(278).jpg 3
3(279).jpg 3
3(28).jpg 3
3(280).jpg 3
3(281).jpg 3
3(282).jpg 3
3(283).jpg 3
3(284).jpg 3
3(285).jpg 3
3(286).jpg 3
3(287).jpg 3
3(288).jpg 3
3(289).jpg 3
3(29).jpg 3
3(290).jpg 3
3(291).jpg 3
3(292).jpg 3
3(293).jpg 3
3(294).jpg 3
3(295).jpg 3
3(296).jpg 3
3(297).jpg 3
3(298).jpg 3
3(299).jpg 3
3(3).jpg 3
3(30).jpg 3
3(300).jpg 3
3(301).jpg 3
3(302).jpg 3
3(303).jpg 3
3(304).jpg 3
3(305).jpg 3
3(306).jpg 3
3(307).jpg 3
3(308).jpg 3
3(309).jpg 3
3(31).jpg 3
3(310).jpg 3
3(311).jpg 3
3(312).jpg 3
3(313).jpg 3
3(314).jpg 3
3(315).jpg 3
3(316).jpg 3
3(317).jpg 3
3(318).jpg 3
3(319).jpg 3
3(32).jpg 3
3(320).jpg 3
3(321).jpg 3
3(322).jpg 3
3(323).jpg 3
3(324).jpg 3
3(325).jpg 3
3(326).jpg 3
3(327).jpg 3
3(328).jpg 3
3(329).jpg 3
3(33).jpg 3
3(330).jpg 3
3(331).jpg 3
3(332).jpg 3
3(333).jpg 3
3(334).jpg 3
3(335).jpg 3
3(336).jpg 3
3(337).jpg 3
3(338).jpg 3
3(339).jpg 3
3(34).jpg 3
3(340).jpg 3
3(341).jpg 3
3(342).jpg 3
3(343).jpg 3
3(344).jpg 3
3(345).jpg 3
3(346).jpg 3
3(347).jpg 3
3(348).jpg 3
3(349).jpg 3
3(35).jpg 3
3(350).jpg 3
3(351).jpg 3
3(352).jpg 3
3(353).jpg 3
3(354).jpg 3
3(355).jpg 3
3(356).jpg 3
3(357).jpg 3
3(358).jpg 3
3(359).jpg 3
3(36).jpg 3
3(360).jpg 3
3(361).jpg 3
3(362).jpg 3
3(363).jpg 3
3(364).jpg 3
3(365).jpg 3
3(366).jpg 3
3(367).jpg 3
3(368).jpg 3
3(369).jpg 3
3(37).jpg 3
3(370).jpg 3
3(371).jpg 3
3(372).jpg 3
3(373).jpg 3
3(374).jpg 3
3(375).jpg 3
3(376).jpg 3
3(377).jpg 3
3(378).jpg 3
3(379).jpg 3
3(38).jpg 3
3(380).jpg 3
3(381).jpg 3
3(382).jpg 3
3(383).jpg 3
3(384).jpg 3
3(385).jpg 3
3(386).jpg 3
3(387).jpg 3
3(388).jpg 3
3(389).jpg 3
3(39).jpg 3
3(390).jpg 3
3(391).jpg 3
3(392).jpg 3
3(393).jpg 3
3(394).jpg 3
3(395).jpg 3
3(396).jpg 3
3(397).jpg 3
3(398).jpg 3
3(399).jpg 3
3(4).jpg 3
3(40).jpg 3
3(400).jpg 3
3(401).jpg 3
3(402).jpg 3
3(403).jpg 3
3(404).jpg 3
3(405).jpg 3
3(406).jpg 3
3(407).jpg 3
3(408).jpg 3
3(409).jpg 3
3(41).jpg 3
3(410).jpg 3
3(411).jpg 3
3(412).jpg 3
3(413).jpg 3
3(414).jpg 3
3(415).jpg 3
3(416).jpg 3
3(417).jpg 3
3(418).jpg 3
3(419).jpg 3
3(42).jpg 3
3(420).jpg 3
3(421).jpg 3
3(422).jpg 3
3(423).jpg 3
3(424).jpg 3
3(425).jpg 3
3(426).jpg 3
3(427).jpg 3
3(428).jpg 3
3(429).jpg 3
3(43).jpg 3
3(430).jpg 3
3(431).jpg 3
3(432).jpg 3
3(433).jpg 3
3(434).jpg 3
3(435).jpg 3
3(436).jpg 3
3(437).jpg 3
3(438).jpg 3
3(439).jpg 3
3(44).jpg 3
3(440).jpg 3
3(441).jpg 3
3(442).jpg 3
3(443).jpg 3
3(444).jpg 3
3(445).jpg 3
3(446).jpg 3
3(447).jpg 3
3(448).jpg 3
3(449).jpg 3
3(45).jpg 3
3(450).jpg 3
3(451).jpg 3
3(452).jpg 3
3(453).jpg 3
3(454).jpg 3
3(455).jpg 3
3(456).jpg 3
3(457).jpg 3
3(458).jpg 3
3(459).jpg 3
3(46).jpg 3
3(460).jpg 3
3(461).jpg 3
3(462).jpg 3
3(463).jpg 3
3(464).jpg 3
3(465).jpg 3
3(466).jpg 3
3(467).jpg 3
3(468).jpg 3
3(469).jpg 3
3(47).jpg 3
3(470).jpg 3
3(471).jpg 3
3(472).jpg 3
3(473).jpg 3
3(474).jpg 3
3(475).jpg 3
3(476).jpg 3
3(477).jpg 3
3(478).jpg 3
3(479).jpg 3
3(48).jpg 3
3(480).jpg 3
3(481).jpg 3
3(482).jpg 3
3(483).jpg 3
3(484).jpg 3
3(485).jpg 3
3(486).jpg 3
3(487).jpg 3
3(488).jpg 3
3(489).jpg 3
3(49).jpg 3
3(490).jpg 3
3(491).jpg 3
3(492).jpg 3
3(493).jpg 3
3(494).jpg 3
3(495).jpg 3
3(496).jpg 3
3(497).jpg 3
3(498).jpg 3
3(499).jpg 3
3(5).jpg 3
3(50).jpg 3
3(500).jpg 3
3(51).jpg 3
3(52).jpg 3
3(53).jpg 3
3(54).jpg 3
3(55).jpg 3
3(56).jpg 3
3(57).jpg 3
3(58).jpg 3
3(59).jpg 3
3(6).jpg 3
3(60).jpg 3
3(61).jpg 3
3(62).jpg 3
3(63).jpg 3
3(64).jpg 3
3(65).jpg 3
3(66).jpg 3
3(67).jpg 3
3(68).jpg 3
3(69).jpg 3
3(7).jpg 3
3(70).jpg 3
3(71).jpg 3
3(72).jpg 3
3(73).jpg 3
3(74).jpg 3
3(75).jpg 3
3(76).jpg 3
3(77).jpg 3
3(78).jpg 3
3(79).jpg 3
3(8).jpg 3
3(80).jpg 3
3(81).jpg 3
3(82).jpg 3
3(83).jpg 3
3(84).jpg 3
3(85).jpg 3
3(86).jpg 3
3(87).jpg 3
3(88).jpg 3
3(89).jpg 3
3(9).jpg 3
3(90).jpg 3
3(91).jpg 3
3(92).jpg 3
3(93).jpg 3
3(94).jpg 3
3(95).jpg 3
3(96).jpg 3
3(97).jpg 3
3(98).jpg 3
3(99).jpg 3
4(10).jpg 4
4(100).jpg 4
4(101).jpg 4
4(102).jpg 4
4(103).jpg 4
4(104).jpg 4
4(105).jpg 4
4(106).jpg 4
4(107).jpg 4
4(108).jpg 4
4(109).jpg 4
4(11).jpg 4
4(110).jpg 4
4(111).jpg 4
4(112).jpg 4
4(113).jpg 4
4(114).jpg 4
4(115).jpg 4
4(116).jpg 4
4(117).jpg 4
4(118).jpg 4
4(119).jpg 4
4(12).jpg 4
4(120).jpg 4
4(121).jpg 4
4(122).jpg 4
4(123).jpg 4
4(124).jpg 4
4(125).jpg 4
4(126).jpg 4
4(127).jpg 4
4(128).jpg 4
4(129).jpg 4
4(13).jpg 4
4(130).jpg 4
4(131).jpg 4
4(132).jpg 4
4(133).jpg 4
4(134).jpg 4
4(135).jpg 4
4(136).jpg 4
4(137).jpg 4
4(138).jpg 4
4(139).jpg 4
4(14).jpg 4
4(140).jpg 4
4(141).jpg 4
4(142).jpg 4
4(143).jpg 4
4(144).jpg 4
4(145).jpg 4
4(146).jpg 4
4(147).jpg 4
4(148).jpg 4
4(149).jpg 4
4(15).jpg 4
4(150).jpg 4
4(151).jpg 4
4(152).jpg 4
4(153).jpg 4
4(154).jpg 4
4(155).jpg 4
4(156).jpg 4
4(157).jpg 4
4(158).jpg 4
4(159).jpg 4
4(16).jpg 4
4(160).jpg 4
4(161).jpg 4
4(162).jpg 4
4(163).jpg 4
4(164).jpg 4
4(165).jpg 4
4(166).jpg 4
4(167).jpg 4
4(168).jpg 4
4(169).jpg 4
4(17).jpg 4
4(170).jpg 4
4(171).jpg 4
4(172).jpg 4
4(173).jpg 4
4(174).jpg 4
4(175).jpg 4
4(176).jpg 4
4(177).jpg 4
4(178).jpg 4
4(179).jpg 4
4(18).jpg 4
4(180).jpg 4
4(181).jpg 4
4(182).jpg 4
4(183).jpg 4
4(184).jpg 4
4(185).jpg 4
4(186).jpg 4
4(187).jpg 4
4(188).jpg 4
4(189).jpg 4
4(19).jpg 4
4(190).jpg 4
4(191).jpg 4
4(192).jpg 4
4(193).jpg 4
4(194).jpg 4
4(195).jpg 4
4(196).jpg 4
4(197).jpg 4
4(198).jpg 4
4(199).jpg 4
4(2).jpg 4
4(20).jpg 4
4(200).jpg 4
4(201).jpg 4
4(202).jpg 4
4(203).jpg 4
4(204).jpg 4
4(205).jpg 4
4(206).jpg 4
4(207).jpg 4
4(208).jpg 4
4(209).jpg 4
4(21).jpg 4
4(210).jpg 4
4(211).jpg 4
4(212).jpg 4
4(213).jpg 4
4(214).jpg 4
4(215).jpg 4
4(216).jpg 4
4(217).jpg 4
4(218).jpg 4
4(219).jpg 4
4(22).jpg 4
4(220).jpg 4
4(221).jpg 4
4(222).jpg 4
4(223).jpg 4
4(224).jpg 4
4(225).jpg 4
4(226).jpg 4
4(227).jpg 4
4(228).jpg 4
4(229).jpg 4
4(23).jpg 4
4(230).jpg 4
4(231).jpg 4
4(232).jpg 4
4(233).jpg 4
4(234).jpg 4
4(235).jpg 4
4(236).jpg 4
4(237).jpg 4
4(238).jpg 4
4(239).jpg 4
4(24).jpg 4
4(240).jpg 4
4(241).jpg 4
4(242).jpg 4
4(243).jpg 4
4(244).jpg 4
4(245).jpg 4
4(246).jpg 4
4(247).jpg 4
4(248).jpg 4
4(249).jpg 4
4(25).jpg 4
4(250).jpg 4
4(251).jpg 4
4(252).jpg 4
4(253).jpg 4
4(254).jpg 4
4(255).jpg 4
4(256).jpg 4
4(257).jpg 4
4(258).jpg 4
4(259).jpg 4
4(26).jpg 4
4(260).jpg 4
4(261).jpg 4
4(262).jpg 4
4(263).jpg 4
4(264).jpg 4
4(265).jpg 4
4(266).jpg 4
4(267).jpg 4
4(268).jpg 4
4(269).jpg 4
4(27).jpg 4
4(270).jpg 4
4(271).jpg 4
4(272).jpg 4
4(273).jpg 4
4(274).jpg 4
4(275).jpg 4
4(276).jpg 4
4(277).jpg 4
4(278).jpg 4
4(279).jpg 4
4(28).jpg 4
4(280).jpg 4
4(281).jpg 4
4(282).jpg 4
4(283).jpg 4
4(284).jpg 4
4(285).jpg 4
4(286).jpg 4
4(287).jpg 4
4(288).jpg 4
4(289).jpg 4
4(29).jpg 4
4(290).jpg 4
4(291).jpg 4
4(292).jpg 4
4(293).jpg 4
4(294).jpg 4
4(295).jpg 4
4(296).jpg 4
4(297).jpg 4
4(298).jpg 4
4(299).jpg 4
4(3).jpg 4
4(30).jpg 4
4(300).jpg 4
4(301).jpg 4
4(302).jpg 4
4(303).jpg 4
4(304).jpg 4
4(305).jpg 4
4(306).jpg 4
4(307).jpg 4
4(308).jpg 4
4(309).jpg 4
4(31).jpg 4
4(310).jpg 4
4(311).jpg 4
4(312).jpg 4
4(313).jpg 4
4(314).jpg 4
4(315).jpg 4
4(316).jpg 4
4(317).jpg 4
4(318).jpg 4
4(319).jpg 4
4(32).jpg 4
4(320).jpg 4
4(321).jpg 4
4(322).jpg 4
4(323).jpg 4
4(324).jpg 4
4(325).jpg 4
4(326).jpg 4
4(327).jpg 4
4(328).jpg 4
4(329).jpg 4
4(33).jpg 4
4(330).jpg 4
4(331).jpg 4
4(332).jpg 4
4(333).jpg 4
4(334).jpg 4
4(335).jpg 4
4(336).jpg 4
4(337).jpg 4
4(338).jpg 4
4(339).jpg 4
4(34).jpg 4
4(340).jpg 4
4(341).jpg 4
4(342).jpg 4
4(343).jpg 4
4(344).jpg 4
4(345).jpg 4
4(346).jpg 4
4(347).jpg 4
4(348).jpg 4
4(349).jpg 4
4(35).jpg 4
4(350).jpg 4
4(351).jpg 4
4(352).jpg 4
4(353).jpg 4
4(354).jpg 4
4(355).jpg 4
4(356).jpg 4
4(357).jpg 4
4(358).jpg 4
4(359).jpg 4
4(36).jpg 4
4(360).jpg 4
4(361).jpg 4
4(362).jpg 4
4(363).jpg 4
4(364).jpg 4
4(365).jpg 4
4(366).jpg 4
4(367).jpg 4
4(368).jpg 4
4(369).jpg 4
4(37).jpg 4
4(370).jpg 4
4(371).jpg 4
4(372).jpg 4
4(373).jpg 4
4(374).jpg 4
4(375).jpg 4
4(376).jpg 4
4(377).jpg 4
4(378).jpg 4
4(379).jpg 4
4(38).jpg 4
4(380).jpg 4
4(381).jpg 4
4(382).jpg 4
4(383).jpg 4
4(384).jpg 4
4(385).jpg 4
4(386).jpg 4
4(387).jpg 4
4(388).jpg 4
4(389).jpg 4
4(39).jpg 4
4(390).jpg 4
4(391).jpg 4
4(392).jpg 4
4(393).jpg 4
4(394).jpg 4
4(395).jpg 4
4(396).jpg 4
4(397).jpg 4
4(398).jpg 4
4(399).jpg 4
4(4).jpg 4
4(40).jpg 4
4(400).jpg 4
4(401).jpg 4
4(402).jpg 4
4(403).jpg 4
4(404).jpg 4
4(405).jpg 4
4(406).jpg 4
4(407).jpg 4
4(408).jpg 4
4(409).jpg 4
4(41).jpg 4
4(410).jpg 4
4(411).jpg 4
4(412).jpg 4
4(413).jpg 4
4(414).jpg 4
4(415).jpg 4
4(416).jpg 4
4(417).jpg 4
4(418).jpg 4
4(419).jpg 4
4(42).jpg 4
4(420).jpg 4
4(421).jpg 4
4(422).jpg 4
4(423).jpg 4
4(424).jpg 4
4(425).jpg 4
4(426).jpg 4
4(427).jpg 4
4(428).jpg 4
4(429).jpg 4
4(43).jpg 4
4(430).jpg 4
4(431).jpg 4
4(432).jpg 4
4(433).jpg 4
4(434).jpg 4
4(435).jpg 4
4(436).jpg 4
4(437).jpg 4
4(438).jpg 4
4(439).jpg 4
4(44).jpg 4
4(440).jpg 4
4(441).jpg 4
4(442).jpg 4
4(443).jpg 4
4(444).jpg 4
4(445).jpg 4
4(446).jpg 4
4(447).jpg 4
4(448).jpg 4
4(449).jpg 4
4(45).jpg 4
4(450).jpg 4
4(451).jpg 4
4(452).jpg 4
4(453).jpg 4
4(454).jpg 4
4(455).jpg 4
4(456).jpg 4
4(457).jpg 4
4(458).jpg 4
4(459).jpg 4
4(46).jpg 4
4(460).jpg 4
4(461).jpg 4
4(462).jpg 4
4(463).jpg 4
4(464).jpg 4
4(465).jpg 4
4(466).jpg 4
4(467).jpg 4
4(468).jpg 4
4(469).jpg 4
4(47).jpg 4
4(470).jpg 4
4(471).jpg 4
4(472).jpg 4
4(473).jpg 4
4(474).jpg 4
4(475).jpg 4
4(476).jpg 4
4(477).jpg 4
4(478).jpg 4
4(479).jpg 4
4(48).jpg 4
4(480).jpg 4
4(481).jpg 4
4(482).jpg 4
4(483).jpg 4
4(484).jpg 4
4(485).jpg 4
4(486).jpg 4
4(487).jpg 4
4(488).jpg 4
4(489).jpg 4
4(49).jpg 4
4(490).jpg 4
4(491).jpg 4
4(492).jpg 4
4(493).jpg 4
4(494).jpg 4
4(495).jpg 4
4(496).jpg 4
4(497).jpg 4
4(498).jpg 4
4(499).jpg 4
4(5).jpg 4
4(50).jpg 4
4(500).jpg 4
4(501).jpg 4
4(51).jpg 4
4(52).jpg 4
4(53).jpg 4
4(54).jpg 4
4(55).jpg 4
4(56).jpg 4
4(57).jpg 4
4(58).jpg 4
4(59).jpg 4
4(6).jpg 4
4(60).jpg 4
4(61).jpg 4
4(62).jpg 4
4(63).jpg 4
4(64).jpg 4
4(65).jpg 4
4(66).jpg 4
4(67).jpg 4
4(68).jpg 4
4(69).jpg 4
4(7).jpg 4
4(70).jpg 4
4(71).jpg 4
4(72).jpg 4
4(73).jpg 4
4(74).jpg 4
4(75).jpg 4
4(76).jpg 4
4(77).jpg 4
4(78).jpg 4
4(79).jpg 4
4(8).jpg 4
4(80).jpg 4
4(81).jpg 4
4(82).jpg 4
4(83).jpg 4
4(84).jpg 4
4(85).jpg 4
4(86).jpg 4
4(87).jpg 4
4(88).jpg 4
4(89).jpg 4
4(9).jpg 4
4(90).jpg 4
4(91).jpg 4
4(92).jpg 4
4(93).jpg 4
4(94).jpg 4
4(95).jpg 4
4(96).jpg 4
4(97).jpg 4
4(98).jpg 4
4(99).jpg 4
